time (s)	energy (uJ)	charge (mC)	voltage (mV)	crossing#mod 255
3408.204827	3.116069	2.100442	1.483530	212
3409.207547	3.194308	2.109649	1.514142	213
3410.215889	3.182322	2.101006	1.514666	214
3411.227066	3.155831	2.115448	1.491802	215
3412.229908	3.189599	2.108074	1.513039	216
3413.241855	2.970628	2.091640	1.420238	217
3414.247198	3.088664	2.112154	1.462329	218
3415.254091	2.936134	2.042427	1.437571	219
3416.266902	3.008824	2.053168	1.465455	220
3417.268280	2.978527	2.021663	1.473306	221
3418.284680	3.063384	2.102629	1.456930	222
3419.282088	3.210999	2.101857	1.527696	223
3420.299450	3.138924	2.071855	1.515031	224
3421.300316	3.250171	2.089613	1.555394	225
3422.313588	3.136335	2.081602	1.506693	226
3423.319276	3.285515	2.110804	1.556523	227
3424.326640	3.145719	2.087261	1.507104	228
3425.339226	3.214018	2.071052	1.551877	229
3426.344564	3.247470	2.109274	1.539615	230
3427.358711	3.213950	2.100943	1.529765	231
3428.363029	3.148096	2.032235	1.549081	232
3429.375854	3.049793	2.017377	1.511762	233
3430.378595	3.192812	2.107857	1.514719	234
3431.398908	3.112802	2.113574	1.472767	235
3432.393481	3.168389	2.113115	1.499392	236
3433.406757	3.224414	2.121433	1.519923	237
3434.410189	3.190834	2.108667	1.513200	238
3435.423878	3.292775	2.121431	1.552148	239
3436.427534	3.204277	2.118112	1.512799	240
3437.439143	3.247673	2.100721	1.545981	241
3438.442631	3.158673	2.099515	1.504477	242
3439.452151	3.232954	2.054578	1.573537	243
3440.459506	3.182796	2.117016	1.503435	244
3441.465372	3.257141	2.091537	1.557295	245
3442.479961	3.041733	2.113464	1.439217	246
3443.480467	3.184730	2.107466	1.511165	247
3444.500340	3.023831	2.114639	1.429952	248
3445.498384	3.177128	2.103772	1.510206	249
3446.520475	3.055176	2.094003	1.459012	250
3447.520043	3.154746	2.111687	1.493945	251
3448.543570	3.073910	2.096707	1.466066	252
3449.542037	3.030684	2.105448	1.439449	253
3450.549104	3.139225	2.109912	1.487847	254
3451.560860	3.067615	2.103118	1.458603	255
3452.563582	3.030795	2.108961	1.437104	0
3453.576605	3.013776	2.087877	1.443464	1
3454.580468	2.896217	2.071949	1.397822	2
3455.589584	3.093001	2.095188	1.476240	3
3456.597864	2.968011	2.118016	1.401317	4
3457.609974	3.055379	2.109365	1.448483	5
3458.617064	2.996633	2.090667	1.433339	6
3459.617535	3.153075	2.087546	1.510422	7
3460.634620	3.126656	2.114226	1.478866	8
3461.631934	3.118889	2.108063	1.479504	9
3462.651437	3.197106	2.116745	1.510388	10
3463.648988	3.043229	2.025136	1.502729	11
3464.666887	3.186768	2.106962	1.512494	12
3465.666537	3.148712	2.084141	1.510797	13
3466.682647	3.127111	2.085644	1.499350	14
3467.683105	3.193996	2.118586	1.507607	15
3468.698074	3.194960	2.105203	1.517649	16
3469.698959	3.119463	2.081576	1.498607	17
3470.714365	3.187597	2.117832	1.505123	18
3471.715303	3.167034	2.081517	1.521502	19
3472.731588	3.118587	2.038117	1.530132	20
3473.731445	3.093667	2.030900	1.523299	21
3474.749585	3.259724	2.126807	1.532684	22
3475.749337	3.234457	2.116168	1.528450	23
3476.768034	3.198075	2.090299	1.529960	24
3477.766931	3.241548	2.109360	1.536745	25
3478.786028	3.163492	2.111541	1.498191	26
3479.785249	3.184650	2.094197	1.520703	27
3480.803686	3.113225	2.118322	1.469666	28
3481.805369	3.201754	2.128808	1.504013	29
3482.820411	2.890265	2.049637	1.410135	30
3483.825074	2.997583	2.102292	1.425864	31
3484.834725	2.909889	2.101872	1.384427	32
3485.843005	2.943746	2.107135	1.397037	33
3486.846232	2.960935	2.097653	1.411547	34
3487.860029	2.844996	2.058984	1.381748	35
3488.860426	2.902322	2.036719	1.424999	36
3489.874415	2.918014	2.085449	1.399226	37
3490.877180	2.868495	2.082952	1.377130	38
3491.888113	2.912649	2.117256	1.375672	39
3492.897074	2.991752	2.102026	1.423270	40
3493.901666	2.920223	2.113793	1.381509	41
3494.915579	2.965685	2.062058	1.438216	42
3495.916912	3.001850	2.110801	1.422137	43
3496.942459	2.946227	2.110543	1.395957	44
3497.933821	3.040752	2.108504	1.442137	45
3498.953356	3.037623	2.119251	1.433348	46
3499.952431	3.061442	2.115556	1.447110	47
3500.970908	3.024334	2.118993	1.427251	48
3501.970251	3.076214	2.114658	1.454710	49
3502.995040	2.938367	2.113471	1.390304	50
3503.987322	3.047813	2.116182	1.440242	51
3505.003126	2.959939	2.107170	1.404699	52
3506.004757	2.974882	2.063369	1.441759	53
3507.018858	2.934529	2.087082	1.406044	54
3508.020778	2.951689	2.043996	1.444078	55
3509.035530	2.938079	2.095057	1.402386	56
3510.037450	2.923150	2.025863	1.442916	57
3511.052720	2.929669	2.116308	1.384331	58
3512.052860	3.053931	2.118646	1.441454	59
3513.070229	2.881836	2.103095	1.370283	60
3514.067999	2.919532	2.040309	1.430926	61
3515.087185	2.790754	2.053498	1.359025	62
3516.084295	2.948558	2.079434	1.417962	63
3517.105005	2.886601	2.091856	1.379924	64
3518.102037	2.904020	2.105171	1.379470	65
3519.120573	2.874672	2.089355	1.375866	66
3520.119386	2.854388	2.102361	1.357706	67
3521.135025	2.919473	2.115636	1.379951	68
3522.138230	2.886434	2.095333	1.377554	69
3523.149361	2.943463	2.086650	1.410617	70
3524.157159	2.933419	2.113439	1.387984	71
3525.163994	2.867583	2.029966	1.412626	72
3526.176060	2.834298	2.019155	1.403705	73
3527.178419	3.003954	2.105672	1.426601	74
3528.194292	3.026841	2.122141	1.426314	75
3529.195312	3.001474	2.108139	1.423755	76
3530.209700	2.999090	2.096673	1.430404	77
3531.212666	2.918817	2.074063	1.407294	78
3532.223840	3.085292	2.107563	1.463914	79
3533.231180	2.969242	2.098772	1.414752	80
3534.238082	3.030539	2.087598	1.451687	81
3535.249734	2.900614	2.098202	1.382429	82
3536.252463	3.035110	2.105329	1.441633	83
3537.268876	2.840745	2.037854	1.393989	84
3538.268599	2.889370	2.017311	1.432288	85
3539.287463	2.906302	2.114080	1.374736	86
3540.285392	2.954116	2.092492	1.411769	87
3541.304602	2.824980	2.029430	1.392006	88
3542.302255	2.942488	2.111663	1.393446	89
3543.320901	2.833888	2.043677	1.386661	90
3544.319651	2.978105	2.115555	1.407718	91
3545.338259	2.872957	2.092421	1.373030	92
3546.336320	2.986290	2.118159	1.409852	93
3547.354174	2.764398	2.009338	1.375776	94
3548.353453	3.038981	2.119923	1.433533	95
3549.371269	2.894597	2.098833	1.379146	96
3550.369955	3.030640	2.113185	1.434158	97
3551.387957	2.882117	2.100821	1.371900	98
3552.387110	2.930197	2.084065	1.406001	99
3553.404149	2.820402	2.046140	1.378402	100
3554.404713	2.943872	2.103372	1.399597	101
3555.419606	2.827476	2.037098	1.387992	102
3556.422841	2.960133	2.116277	1.398746	103
3557.434094	2.928050	2.107146	1.389581	104
3558.441124	2.954712	2.109342	1.400774	105
3559.448209	2.974275	2.115005	1.406273	106
3560.460048	2.883679	2.047839	1.408157	107
3561.463619	2.971759	2.096002	1.417823	108
3562.478981	2.931216	2.067195	1.417968	109
3563.481068	3.028727	2.105483	1.438495	110
3564.504857	2.903492	2.115731	1.372335	111
3565.499569	2.998869	2.097473	1.429753	112
3566.513538	2.851479	2.104847	1.354720	113
3567.518921	2.971418	2.126265	1.397483	114
3568.528932	2.753906	2.040399	1.349690	115
3569.536884	2.897234	2.111904	1.371859	116
3570.543016	2.838041	2.086299	1.360323	117
3571.554386	2.831268	2.067269	1.369569	118
3572.557263	2.924073	2.110403	1.385552	119
3573.572662	2.863542	2.099093	1.364181	120
3574.572550	2.850605	2.086877	1.365967	121
3575.589611	2.922937	2.117704	1.380239	122
3576.588712	2.829861	2.045178	1.383675	123
3577.607284	2.895530	2.094320	1.382563	124
3578.605520	2.925578	2.096757	1.395287	125
3579.622854	2.915909	2.109440	1.382314	126
3580.621727	2.965559	2.094954	1.415573	127
3581.639721	2.904620	2.107463	1.378254	128
3582.646851	2.913979	2.107259	1.382829	129
3583.656737	2.844969	2.061709	1.379909	130
3584.655183	2.985082	2.118031	1.409367	131
3585.673571	2.841870	2.045688	1.389200	132
3586.679571	2.869270	2.097152	1.368175	133
3587.689977	2.908827	2.056742	1.414288	134
3588.687926	2.990777	2.110432	1.417140	135
3589.706286	2.944912	2.057801	1.431097	136
3590.703525	2.958095	2.067512	1.430751	137
3591.721281	3.037455	2.109869	1.439642	138
3592.720367	3.011030	2.109985	1.427038	139
3593.735883	3.100776	2.114151	1.466677	140
3594.737606	3.012877	2.110367	1.427656	141
3595.750041	3.059142	2.106143	1.452486	142
3596.756405	2.997602	2.102988	1.425401	143
3597.764806	2.984807	2.124295	1.405082	144
3598.776201	2.870625	2.109015	1.361121	145
3599.780479	2.877927	2.116595	1.359696	146
3600.796527	2.685468	2.033535	1.320591	147
3601.798274	2.852393	2.110090	1.351787	148
3602.815404	2.685333	2.036171	1.318815	149
3603.817011	2.845848	2.114842	1.345655	150
3604.832121	2.666681	2.027037	1.315556	151
3605.835865	2.816349	2.091120	1.346814	152
3606.850160	2.819480	2.118630	1.330804	153
3607.854629	2.650820	2.036692	1.301532	154
3608.864803	2.763738	2.049293	1.348630	155
3609.872966	2.787095	2.105138	1.323949	156
3610.880449	2.898547	2.098556	1.381211	157
3611.891140	2.815947	2.120202	1.328151	158
3612.895171	2.911268	2.085385	1.396034	159
3613.909021	2.809446	2.111422	1.330594	160
3614.911805	2.903897	2.097271	1.384607	161
3615.926088	2.859405	2.114043	1.352576	162
3616.926591	2.948210	2.115771	1.393445	163
3617.943059	2.840384	2.109496	1.346475	164
3618.943176	2.846014	2.039603	1.395377	165
3619.959146	2.827411	2.100710	1.345931	166
3620.959701	2.838568	2.036602	1.393777	167
3621.976102	2.863725	2.112440	1.355648	168
3622.977196	2.926779	2.107588	1.388687	169
3623.991600	2.892048	2.113470	1.368389	170
3624.994407	2.923585	2.102493	1.390532	171
3626.007571	2.875748	2.113617	1.360581	172
3627.011079	2.917243	2.110854	1.382020	173
3628.023919	2.870358	2.103913	1.364295	174
3629.036114	2.904475	2.108865	1.377269	175
3630.038424	2.900714	2.115280	1.371315	176
3631.046482	2.928383	2.084961	1.404526	177
3632.053466	2.910083	2.090634	1.391962	178
3633.064775	3.009301	2.110886	1.425610	179
3634.068877	2.847185	2.063123	1.380036	180
3635.082718	2.983535	2.104240	1.417868	181
3636.085937	2.866655	2.043770	1.402631	182
3637.100795	2.888438	2.104160	1.372728	183
3638.103345	2.960931	2.111291	1.402427	184
3639.119095	2.796030	2.115022	1.321986	185
3640.121654	2.971016	2.116946	1.403444	186
3641.134813	2.635975	2.013628	1.309067	187
3642.139895	2.869984	2.112185	1.358775	188
3643.151083	2.705456	2.108848	1.282907	189
3644.158044	2.789858	2.085873	1.337501	190
3645.166483	2.637121	2.115278	1.246702	191
3646.175886	2.829217	2.108107	1.342065	192
3647.181246	2.681003	2.083760	1.286618	193
3648.193446	2.762316	2.115664	1.305650	194
3649.195767	2.752726	2.110266	1.304445	195
3650.210155	2.723220	2.061683	1.320872	196
3651.211341	2.762634	2.093842	1.319409	197
3652.227514	2.739416	2.039380	1.343259	198
3653.226910	2.719530	2.026483	1.341995	199
3654.244118	2.847564	2.095588	1.358837	200
3655.242534	2.814027	2.089567	1.346703	201
3656.260229	2.771481	2.042488	1.356914	202
3657.259861	2.754951	2.034717	1.353973	203
3658.276928	2.864661	2.117001	1.353169	204
3659.275590	2.819655	2.067418	1.363854	205
3660.293007	2.900662	2.088133	1.389118	206
3661.292467	2.799739	2.043541	1.370043	207
3662.308992	2.838646	2.038241	1.392694	208
3663.309546	2.871941	2.105129	1.364259	209
3664.324099	2.966253	2.109556	1.406103	210
3665.326661	2.879504	2.111899	1.363467	211
3666.339461	2.954503	2.095067	1.410219	212
3667.344639	2.878410	2.111620	1.363129	213
3668.354067	2.987376	2.118274	1.410287	214
3669.362718	2.831483	2.119930	1.335649	215
3670.369213	2.945496	2.099726	1.402800	216
3671.382093	2.708833	2.028758	1.335218	217
3672.385974	2.913402	2.102776	1.385503	218
3673.400067	2.747170	2.117646	1.297275	219
3674.410785	2.764143	2.109269	1.310475	220
3675.418621	2.748057	2.094355	1.312126	221
3676.420605	2.814213	2.097479	1.341712	222
3677.444393	2.652505	2.117429	1.252701	223
3678.439051	2.746439	2.120480	1.295197	224
3679.453281	2.731888	2.101585	1.299918	225
3680.457001	2.695641	2.071914	1.301039	226
3681.476648	2.759618	2.112940	1.306056	227
3682.474047	2.728450	2.063627	1.322162	228
3683.484497	2.842392	2.112217	1.345691	229
3684.492290	2.785811	2.110073	1.320244	230
3685.499972	2.865843	2.101832	1.363498	231
3686.510506	2.702294	2.064950	1.308648	232
3687.514770	2.924039	2.114830	1.382635	233
3688.527426	2.691356	2.038123	1.320508	234
3689.530907	2.911958	2.105803	1.382826	235
3690.544720	2.799456	2.106945	1.328680	236
3691.547380	2.894776	2.094176	1.382298	237
3692.561404	2.750764	2.094465	1.313349	238
3693.564071	2.930821	2.111311	1.388152	239
3694.578612	2.805622	2.108543	1.330597	240
3695.580866	2.936964	2.128198	1.380023	241
3696.601612	2.746989	2.104428	1.305338	242
3697.598185	2.920352	2.111230	1.383246	243
3698.610178	2.812573	2.089098	1.346310	244
3699.615251	2.812569	2.038765	1.379546	245
3700.625560	2.717050	1.996711	1.360763	246
3701.632180	2.926883	2.103110	1.391693	247
3702.639675	2.886024	2.090989	1.380219	248
3703.653297	2.989939	2.111475	1.416043	249
3704.656371	2.910034	2.108801	1.379948	250
3705.667808	3.005718	2.107531	1.426180	251
3706.671780	2.868877	2.047618	1.401080	252
3707.685899	2.989348	2.111653	1.415644	253
3708.688951	2.878399	2.020583	1.424539	254
3709.704185	2.898498	2.064274	1.404125	255
3710.706741	2.978478	2.112700	1.409797	0
3711.722338	2.894584	2.115152	1.368499	1
3712.724678	2.782983	2.026714	1.373150	2
3713.739384	2.810586	2.108344	1.333078	3
3714.742821	2.886263	2.109555	1.368186	4
3715.764037	2.680142	2.101804	1.275162	5
3716.760922	2.774340	2.032707	1.364850	6
3717.772929	2.687038	2.112022	1.272258	7
3718.778970	2.813757	2.103127	1.337892	8
3719.789195	2.639424	2.096615	1.258898	9
3720.796602	2.848008	2.119322	1.343830	10
3721.812742	2.612998	2.094356	1.247638	11
3722.813538	2.837202	2.107234	1.346411	12
3723.821144	2.704435	2.120781	1.275207	13
3724.830625	2.849576	2.100692	1.356494	14
3725.836366	2.643330	2.036731	1.297830	15
3726.847374	2.797153	2.069364	1.351697	16
3727.851535	2.781025	2.110709	1.317579	17
3728.864025	2.863194	2.112716	1.355220	18
3729.868504	2.762651	2.110114	1.309243	19
3730.888181	2.781308	2.102810	1.322663	20
3731.884715	2.764942	2.098340	1.317681	21
3732.895085	2.845694	2.026530	1.404220	22
3733.901249	2.791467	2.112514	1.321396	23
3734.912655	2.887827	2.081667	1.387267	24
3735.918313	2.637356	2.006231	1.314583	25
3736.928916	2.899175	2.084282	1.390971	26
3737.936036	2.756620	2.095945	1.315216	27
3738.943420	2.984926	2.110819	1.414108	28
3739.952882	2.770094	2.104607	1.316205	29
3740.959154	2.915581	2.055114	1.418695	30
3741.971323	2.687997	2.026698	1.326294	31
3742.974719	2.888391	2.077028	1.390637	32
3743.989122	2.809819	2.105207	1.334700	33
3744.991135	2.929712	2.106632	1.390709	34
