crossing time (s)	slope (V/s)	crossing number
10756.645142	3.856711	9780
10757.659652	3.985254	9781
10758.668145	3.545797	9782
10759.683415	3.885637	9783
10760.692248	4.050336	9784
10761.705105	4.194194	9785
10762.714448	4.274702	9786
10763.724582	4.216822	9787
10764.733293	3.889883	9788
10765.743455	3.740194	9789
10766.753761	3.695966	9790
10767.766523	3.751539	9791
10768.775176	3.997336	9792
10769.787671	3.984085	9793
10770.797875	4.044859	9794
10771.810784	4.080366	9795
10772.817553	3.816837	9796
10773.831681	3.937255	9797
10774.833878	3.086659	9798
10775.850404	3.255757	9799
10776.842388	1.858406	9800
10777.869733	2.749501	9801
10778.862898	1.481176	9802
10779.884590	2.644488	9803
10780.883610	2.737525	9804
10781.897232	4.126562	9805
10782.900688	5.068365	9806
10783.912984	6.027727	9807
10784.921365	6.319712	9808
10785.934156	6.510499	9809
10786.945385	6.433139	9810
10787.957180	6.288654	9811
10788.969221	6.047094	9812
10789.980385	5.712203	9813
10790.993979	5.143399	9814
10792.002098	4.536434	9815
10793.017256	4.223465	9816
10794.024122	3.739009	9817
10795.039869	3.719055	9818
10796.044540	3.442172	9819
10797.057655	3.347613	9820
10798.061553	3.066240	9821
10799.075718	2.866960	9822
10800.078875	2.571561	9823
10801.092968	2.581798	9824
10802.097650	1.999599	9825
10803.115539	2.135111	9826
10804.118938	1.315554	9827
10805.136185	1.993918	9828
10806.139618	0.307063	9829
10807.151885	1.030576	9830
10808.166136	-0.830522	9831
10809.163939	-0.892196	9832
10810.199339	-2.293564	9833
10811.196919	-2.405892	9834
10812.173355	4.583443	9835
10813.233864	-1.241744	9836
10814.252544	-0.687594	9837
10815.252203	1.119711	9838
10816.255154	1.615797	9839
10817.248690	2.498327	9840
10818.262381	1.870468	9841
10819.259428	3.122253	9842
10820.284075	1.860308	9843
10821.284432	2.421916	9844
10822.310088	2.302495	9845
10823.314844	2.702912	9846
10824.340364	4.102612	9847
10825.346975	4.056983	9848
10826.363976	4.659611	9849
10827.371992	4.349879	9850
10828.387730	4.665126	9851
10829.397594	4.448695	9852
10830.410046	4.716441	9853
10831.362794	-0.643765	9854
10832.385024	1.301966	9855
10833.394283	-0.510514	9856
10834.417196	0.993667	9857
10835.428637	-0.106758	9858
10836.440904	0.898470	9859
10837.452645	0.473722	9860
10838.461250	1.083422	9861
10839.469725	1.093620	9862
10840.481311	1.662959	9863
10841.487715	1.715990	9864
10842.501250	2.022878	9865
10843.506091	2.244107	9866
10844.522797	2.404447	9867
10845.526916	2.520399	9868
10846.545991	2.817515	9869
10847.548898	2.622149	9870
10848.567809	3.027948	9871
10849.568849	2.928872	9872
10850.588739	3.596919	9873
10851.589323	3.388487	9874
10852.606642	3.914473	9875
10853.607225	4.033404	9876
10854.621877	4.612520	9877
10855.625156	5.115292	9878
10856.637152	5.427856	9879
10857.642018	5.877232	9880
10858.654836	6.154851	9881
10859.663054	6.452954	9882
10860.672550	6.311040	9883
10861.685589	6.298272	9884
10862.695133	6.473381	9885
10863.707476	6.309253	9886
10864.714680	5.960124	9887
10865.728535	5.909666	9888
10866.735712	5.489726	9889
10867.749232	5.356205	9890
10868.756309	5.283002	9891
10869.771377	5.195312	9892
10870.776918	5.031009	9893
10871.791681	5.056661	9894
10872.795981	4.756454	9895
10873.812367	4.887470	9896
10874.816453	4.424039	9897
10875.832938	4.737559	9898
10876.837081	4.336649	9899
10877.853511	4.760241	9900
10878.859772	4.364982	9901
10879.875424	4.874993	9902
10880.880310	4.371915	9903
10881.897382	4.908002	9904
10882.902595	4.308712	9905
10883.915810	5.139992	9906
10884.921174	4.159892	9907
10885.931987	4.369009	9908
10886.940344	4.047713	9909
10887.943024	3.683454	9910
10888.955492	3.859082	9911
10889.958054	3.560630	9912
10890.972434	4.209953	9913
10891.973409	3.920305	9914
10892.989060	4.072144	9915
10893.991627	4.046654	9916
10895.011408	4.365732	9917
10896.015485	4.328372	9918
10897.033229	4.986491	9919
10898.037761	4.928010	9920
10899.053958	5.728251	9921
10900.061417	5.371245	9922
10901.075259	5.643693	9923
10902.083499	5.389180	9924
10903.094963	5.592067	9925
10904.104143	5.478545	9926
10905.112500	5.418271	9927
10906.122663	5.357328	9928
10907.130887	5.046030	9929
10908.138336	4.706524	9930
10909.147670	4.619232	9931
10910.154934	4.217580	9932
10911.165240	4.215634	9933
10912.171674	3.849853	9934
10913.181514	4.019162	9935
10914.187434	3.601995	9936
10915.199654	3.812878	9937
10916.204549	3.395234	9938
10917.218048	4.064832	9939
10918.222525	3.355339	9940
10919.236934	4.018983	9941
10920.240084	3.494197	9942
10921.255518	4.300335	9943
10922.257886	3.955534	9944
10923.274371	4.520394	9945
10924.275682	4.537412	9946
10925.290759	4.946180	9947
10926.292654	5.154475	9948
10927.307007	5.567223	9949
10928.310345	5.870685	9950
10929.323390	6.221198	9951
10930.329348	6.602740	9952
10931.341048	6.750625	9953
10932.349706	7.023319	9954
10933.360268	7.164335	9955
10934.370200	7.059402	9956
10935.380427	7.150133	9957
10936.390469	7.214326	9958
10937.399520	7.025485	9959
10938.412250	7.277779	9960
10939.419908	6.864007	9961
10940.431883	6.941233	9962
10941.438740	6.671539	9963
10942.452388	6.847586	9964
10943.457292	6.555227	9965
10944.471736	6.694196	9966
10945.477517	6.489433	9967
10946.490905	6.439415	9968
10947.496947	6.215173	9969
10948.509700	6.381567	9970
10949.516853	6.043796	9971
10950.530241	6.344096	9972
10951.536649	6.100149	9973
10952.547957	6.383633	9974
10953.556923	6.269443	9975
10954.568754	6.281588	9976
10955.575676	6.187515	9977
10956.585141	6.405821	9978
10957.594749	6.255855	9979
10958.603232	6.320344	9980
10959.611731	6.445044	9981
10960.617791	6.446732	9982
10961.628136	6.523866	9983
10962.633083	6.374045	9984
10963.645270	6.413789	9985
10964.650080	6.341405	9986
10965.663777	6.130075	9987
10966.667341	6.184634	9988
10967.681484	6.050780	9989
10968.686222	5.970601	9990
10969.700920	5.920131	9991
10970.705288	6.067308	9992
10971.719704	6.064498	9993
10972.726169	6.069364	9994
10973.738165	6.351159	9995
10974.745426	6.134488	9996
10975.757266	6.385607	9997
10976.764883	6.108589	9998
10977.775821	6.560891	9999
10978.784724	6.566165	10000
10979.794903	6.610266	10001
10980.803623	6.660039	10002
10981.813017	6.533478	10003
10982.821586	6.465094	10004
10983.830860	6.433856	10005
10984.839111	6.156205	10006
10985.849995	6.344166	10007
10986.856965	5.970737	10008
10987.868224	6.234458	10009
10988.873833	5.651987	10010
10989.885801	6.150430	10011
10990.890592	5.384801	10012
10991.903195	5.706879	10013
10992.906801	5.153941	10014
10993.920561	5.615007	10015
10994.923118	5.140371	10016
10995.937665	5.496530	10017
10996.940087	5.366987	10018
10997.953728	5.762417	10019
10998.957293	5.923467	10020
10999.970057	6.258250	10021
11000.974752	6.505087	10022
11001.986633	6.938558	10023
11002.992614	6.983876	10024
11004.005133	7.268923	10025
11005.012651	7.419514	10026
11006.024371	7.637946	10027
11007.033435	7.762789	10028
11008.043118	7.796706	10029
11009.053156	7.835443	10030
11010.061289	7.843683	10031
11011.072387	7.799980	10032
11012.080537	7.790101	10033
11013.091820	7.811670	10034
11014.099796	7.798775	10035
11015.110589	7.836857	10036
11016.118263	7.666810	10037
11017.128794	7.685513	10038
11018.135420	7.321209	10039
11019.147972	7.514141	10040
11020.154350	7.478921	10041
11021.166905	7.596242	10042
11022.172927	7.353701	10043
11023.184600	7.622322	10044
11024.192519	7.609799	10045
11025.202994	7.560396	10046
11026.210435	7.543461	10047
11027.220709	7.824041	10048
11028.229453	7.944563	10049
11029.237004	7.811725	10050
11030.246537	7.988018	10051
11031.253685	7.819273	10052
11032.265218	8.001635	10053
11033.269811	7.793480	10054
11034.281379	7.686185	10055
11035.286607	7.603792	10056
11036.300222	7.487204	10057
11037.303770	7.366502	10058
11038.317117	7.046062	10059
11039.321998	6.986300	10060
11040.335634	6.792497	10061
11041.341246	6.587519	10062
11042.355942	6.804015	10063
11043.360531	6.745713	10064
11044.373339	6.831479	10065
11045.380177	6.653573	10066
11046.390987	7.023776	10067
11047.398077	6.635065	10068
11048.410250	6.986543	10069
11049.417812	6.686125	10070
11050.428989	6.984972	10071
11051.436050	6.753884	10072
11052.447118	7.073894	10073
11053.450958	6.434902	10074
11054.463967	6.784667	10075
11055.472550	6.692442	10076
11056.483659	6.823521	10077
11057.489908	6.409381	10078
11058.500031	6.664420	10079
11059.507262	6.281280	10080
11060.518965	6.563415	10081
11061.525356	6.269730	10082
11062.535617	6.449998	10083
11063.541142	6.231127	10084
