time (s)	energy (uJ)	charge (mC)	voltage (mV)	crossing#mod 255
9302.695498	22.580790	13.492249	1.673612	151
9303.703253	22.316051	13.489902	1.654278	152
9304.705931	22.608971	13.473345	1.678052	153
9305.727632	21.884890	13.499086	1.621213	154
9306.737087	22.929848	13.467331	1.702628	155
9307.751550	23.045586	13.472898	1.710515	156
9308.754732	23.286303	13.488724	1.726353	157
9309.763177	22.579699	13.474134	1.675781	158
9310.769058	21.418564	13.469265	1.590181	159
9311.776406	19.925520	13.503318	1.475602	160
9312.788008	17.631353	13.484586	1.307519	161
9313.798831	16.577513	13.450645	1.232470	162
9314.808945	16.653736	13.473424	1.236044	163
9315.820576	18.282589	13.479527	1.356323	164
9316.828215	19.340828	13.455975	1.437341	165
9317.841283	20.937634	13.489050	1.552195	166
9318.850141	21.552343	13.475140	1.599415	167
9319.861616	21.614290	13.470036	1.604620	168
9320.868943	21.990747	13.473865	1.632104	169
9321.881126	22.230066	13.444677	1.653448	170
9322.884144	22.496721	13.406188	1.678085	171
9323.898157	22.443735	13.468265	1.666416	172
9324.902219	22.969639	13.469294	1.705334	173
9325.915581	20.525322	13.484723	1.522117	174
9326.924457	20.784466	13.485487	1.541247	175
9327.925513	21.797487	13.468446	1.618412	176
9328.945169	19.345531	13.480035	1.435125	177
9329.942600	24.252399	13.477018	1.799538	178
9330.966211	21.065180	13.489186	1.561635	179
9331.972232	21.628454	13.485895	1.603783	180
9332.994590	17.630693	13.467177	1.309160	181
9334.005202	15.587264	13.473174	1.156911	182
9335.016915	14.663474	13.479909	1.087802	183
9336.037917	14.775434	13.480952	1.096023	184
9337.029562	14.491918	13.483130	1.074818	185
9338.038567	14.514928	13.477686	1.076960	186
9339.040275	16.703154	13.468753	1.240141	187
9340.051781	17.632639	13.477906	1.308263	188
9341.058393	18.824884	13.480697	1.396433	189
9342.068053	18.655903	13.491056	1.382835	190
9343.078979	18.743557	13.451420	1.393426	191
9344.087873	17.494923	13.471923	1.298621	192
9345.099771	18.410299	13.490141	1.364722	193
9346.105170	18.258484	13.487720	1.353712	194
9347.119302	19.720631	13.433989	1.467965	195
9348.122899	20.047861	13.468442	1.488506	196
9349.138741	20.931662	13.469654	1.553987	197
9350.142319	20.833933	13.458642	1.547997	198
9351.157517	21.686970	13.480058	1.608819	199
9352.159657	21.547478	13.478434	1.598663	200
9353.175870	21.907469	13.475299	1.625750	201
9354.178624	21.684303	13.468577	1.609992	202
9355.193549	22.324873	13.463753	1.658146	203
9356.197943	21.725746	13.469246	1.612989	204
9357.211468	21.812380	13.417990	1.625607	205
9358.216593	20.836933	13.447944	1.549451	206
9359.228635	20.038670	13.459400	1.488823	207
9360.236000	19.114021	13.471446	1.418854	208
9361.245997	18.586601	13.470001	1.379852	209
9362.258950	16.981020	13.471702	1.260496	210
9363.265287	18.191568	13.482562	1.349267	211
9364.281239	16.640436	13.463375	1.235978	212
9365.283037	19.119987	13.450151	1.421545	213
9366.308405	20.227619	13.478486	1.500734	214
9367.301057	19.333733	13.431543	1.439427	215
9368.310997	19.235220	13.468123	1.428203	216
9369.320073	18.030579	13.407692	1.344794	217
9370.340850	18.750862	13.482949	1.390709	218
9371.349752	16.163193	13.474583	1.199532	219
9372.351413	16.795351	13.472342	1.246654	220
9373.371650	17.387045	13.479685	1.289870	221
9374.373630	17.390425	13.437819	1.294140	222
9375.387386	18.785810	13.487328	1.392849	223
9376.392564	18.423996	13.465739	1.368213	224
9377.414672	20.083788	13.410290	1.497640	225
9378.411084	18.550663	13.474578	1.376716	226
9379.419057	18.994696	13.451104	1.412129	227
9380.432104	18.223248	13.479472	1.351926	228
9381.437632	19.218779	13.482066	1.425507	229
9382.450619	19.184053	13.480917	1.423053	230
9383.456399	20.226297	13.470786	1.501494	231
9384.470573	19.705425	13.488118	1.460947	232
9385.473976	21.316366	13.473937	1.582044	233
9386.487199	21.524275	13.474719	1.597382	234
9387.503201	23.087734	13.483801	1.712257	235
9388.504775	22.303326	13.444580	1.658908	236
9389.509825	23.112684	13.476985	1.714975	237
9390.524825	22.811003	13.470733	1.693375	238
9391.530861	23.758539	13.469806	1.763837	239
9392.545038	23.082138	13.467813	1.713874	240
9393.550359	23.955824	13.417990	1.785351	241
9394.566410	22.913832	13.475562	1.700399	242
9395.571142	23.338379	13.466797	1.733031	243
9396.585130	21.796993	13.471217	1.618042	244
9397.590542	21.629705	13.479977	1.604580	245
9398.599430	19.746241	13.476817	1.465201	246
9399.604768	20.411770	13.485075	1.513656	247
9400.604859	21.239765	13.454460	1.578641	248
9401.619849	21.155313	13.457160	1.572049	249
9402.621410	23.486101	13.459118	1.744996	250
9403.639555	22.268063	13.466782	1.653555	251
9404.643654	23.327641	13.453102	1.733997	252
9405.663366	21.809483	13.474346	1.618593	253
9406.670680	21.840141	13.456792	1.622983	254
9407.689624	18.334906	13.432534	1.364963	255
9408.696024	17.367834	13.484341	1.288000	0
9409.709310	16.119001	13.458377	1.197693	1
9410.716812	15.200472	13.458451	1.129437	2
9411.722561	15.104820	13.466410	1.121667	3
9412.731979	14.746055	13.484154	1.093584	4
9413.735488	16.127993	13.474110	1.196962	5
9414.745985	16.126373	13.484064	1.195958	6
9415.750084	18.261206	13.468232	1.355873	7
9416.762744	17.643242	13.460259	1.310766	8
9417.768973	19.304893	13.466848	1.433512	9
9418.783781	17.380812	13.462367	1.291067	10
9419.791919	17.984566	13.460495	1.336100	11
9420.815993	18.222870	13.475425	1.352304	12
9421.811146	17.715248	13.404295	1.321610	13
9422.822100	17.519012	13.457690	1.301785	14
9423.842883	19.636087	13.476487	1.457063	15
9424.840720	17.621420	13.483925	1.306847	16
9425.849471	18.424608	13.478718	1.366941	17
9426.857926	17.422472	13.467764	1.293643	18
9427.866840	18.298586	13.477747	1.357689	19
9428.877927	16.810688	13.458014	1.249121	20
9429.886452	18.303726	13.478096	1.358035	21
9430.896871	17.402498	13.404574	1.298251	22
9431.901143	19.731749	13.438569	1.468292	23
9432.915457	18.801283	13.468199	1.395976	24
9433.919898	20.428854	13.410457	1.523353	25
9434.934494	19.858625	13.465103	1.474822	26
9435.938279	21.482231	13.451171	1.597053	27
9436.951924	20.836313	13.472232	1.546612	28
9437.956276	22.206738	13.475018	1.647993	29
9438.978583	22.010889	13.412742	1.641043	30
9439.973041	21.194569	13.460367	1.574591	31
9440.982331	19.276100	13.477804	1.430211	32
9441.989611	19.367329	13.442016	1.440805	33
9442.997233	18.073961	13.451119	1.343677	34
9444.010308	17.191175	13.462715	1.276947	35
9445.015742	17.456585	13.455821	1.297326	36
9446.032442	16.567842	13.472849	1.229721	37
9447.033026	18.076813	13.456587	1.343343	38
9448.049106	17.856764	13.450511	1.327590	39
9449.049214	19.556051	13.405876	1.458767	40
9450.062568	20.111839	13.466364	1.493487	41
9451.067077	19.459982	13.466998	1.445013	42
9452.079941	19.479666	13.475796	1.445530	43
9453.086875	18.689964	13.473000	1.387216	44
9454.098050	17.996836	13.465222	1.336542	45
9455.106717	17.037449	13.469051	1.264933	46
9456.117436	16.741438	13.472914	1.242600	47
9457.127731	16.445009	13.426351	1.224831	48
9458.136530	16.765913	13.461101	1.245508	49
9459.148678	16.239536	13.464717	1.206081	50
9460.156506	16.874475	13.461788	1.253509	51
9461.168086	16.238178	13.483727	1.204280	52
9462.175388	17.324100	13.420650	1.290854	53
9463.186721	17.004738	13.436906	1.265525	54
9464.192490	18.259336	13.471201	1.355435	55
9465.206280	17.244745	13.472177	1.280027	56
9466.211518	18.294050	13.472499	1.357881	57
9467.224666	17.574562	13.476857	1.304055	58
9468.231867	18.088903	13.474141	1.342490	59
9469.242414	17.582432	13.459821	1.306290	60
9470.251069	17.358538	13.463520	1.289302	61
9471.259846	16.798172	13.416924	1.252014	62
9472.269914	17.267647	13.460101	1.282876	63
9473.275629	16.789564	13.469577	1.246480	64
9474.288753	16.663786	13.444257	1.239473	65
9475.303947	18.342417	13.465199	1.362209	66
9476.306084	17.434195	13.444903	1.296714	67
9477.309639	17.618444	13.443913	1.310515	68
9478.325956	17.655380	13.424357	1.315175	69
9479.340609	19.327288	13.469815	1.434859	70
9480.344087	17.948639	13.472268	1.332266	71
9481.347145	18.217785	13.473452	1.352125	72
9482.362364	17.297646	13.461965	1.284927	73
9483.370232	16.868635	13.461725	1.253081	74
9484.380723	16.233625	13.474060	1.204806	75
9485.388815	16.362059	13.463320	1.215306	76
9486.394383	16.477449	13.453755	1.224747	77
9487.406876	16.114754	13.459958	1.197237	78
9488.411560	16.553204	13.424660	1.233045	79
9489.425151	16.826841	13.458706	1.250257	80
9490.429761	16.829336	13.445125	1.251706	81
9491.455540	17.809225	13.463553	1.322773	82
9492.446721	18.033304	13.477526	1.338028	83
9493.460202	17.516438	13.452819	1.302064	84
9494.465572	18.221138	13.469961	1.352724	85
9495.479984	17.670633	13.464840	1.312354	86
9496.484591	18.854376	13.468751	1.399861	87
9497.498461	17.753902	13.460377	1.318975	88
9498.502853	19.129635	13.392343	1.428401	89
9499.516863	18.352570	13.486071	1.360854	90
9500.522095	19.495789	13.469134	1.447442	91
9501.535476	18.929291	13.475366	1.404733	92
9502.541048	19.812099	13.467524	1.471102	93
9503.555157	19.126280	13.463492	1.420603	94
9504.570935	21.091782	13.466666	1.566222	95
9505.571797	20.454790	13.472105	1.518307	96
9506.576223	20.561056	13.451229	1.528563	97
9507.590472	20.652468	13.482602	1.531787	98
9508.593830	20.215788	13.459183	1.502007	99
9509.605962	20.395828	13.468220	1.514367	100
9510.611163	19.751945	13.474389	1.465888	101
9511.622156	18.982512	13.423235	1.414153	102
9512.629544	17.934336	13.433195	1.335076	103
9513.640162	17.619522	13.456595	1.309360	104
9514.649600	16.961332	13.398733	1.265891	105
9515.655857	17.354492	13.456319	1.289691	106
9516.667107	17.078911	13.476416	1.267318	107
9517.671831	17.924858	13.461307	1.331584	108
9518.686537	17.517590	13.432201	1.304149	109
9519.690295	18.372932	13.466972	1.364296	110
9520.703807	18.978674	13.475473	1.408386	111
9521.708228	19.266674	13.461637	1.431228	112
9522.721239	19.553267	13.455713	1.453157	113
9523.724671	19.712898	13.460659	1.464483	114
9524.736473	19.954550	13.468561	1.481565	115
9525.742364	18.962887	13.483607	1.406366	116
9526.754830	18.878859	13.451438	1.403483	117
9527.760340	18.122894	13.450896	1.347337	118
9528.771939	17.909695	13.466035	1.329990	119
9529.779575	16.544598	13.466049	1.228616	120
9530.788743	17.208736	13.461644	1.278353	121
9531.797781	15.846813	13.451046	1.178110	122
9532.807730	16.418520	13.448086	1.220882	123
9533.819171	15.457899	13.464391	1.148058	124
9534.826659	16.192484	13.483077	1.200949	125
9535.836077	15.513926	13.409085	1.156971	126
9536.845069	16.380093	13.473964	1.215685	127
9537.855411	15.777965	13.463005	1.171950	128
9538.863280	16.308018	13.459361	1.211649	129
9539.872872	15.828402	13.476676	1.174503	130
9540.883509	15.745964	13.427995	1.172622	131
9541.891871	15.966168	13.473768	1.184982	132
9542.901313	16.149103	13.468474	1.199030	133
9543.909915	16.136864	13.458730	1.198989	134
9544.921281	16.540110	13.471961	1.227743	135
9545.925190	16.426634	13.455463	1.220815	136
9546.938520	17.210520	13.426702	1.281813	137
9547.956947	17.595304	13.455785	1.307639	138
9548.957210	17.567333	13.461209	1.305034	139
9549.962896	17.319893	13.437314	1.288940	140
9550.975164	18.172640	13.460897	1.350032	141
9551.980375	18.000128	13.470434	1.336269	142
9552.994835	18.095940	13.409195	1.349517	143
9553.999000	17.679836	13.472808	1.312261	144
9555.013171	17.482063	13.449717	1.299809	145
9556.018830	16.778488	13.454300	1.247073	146
9557.027801	16.955519	13.468219	1.258928	147
9558.036980	15.798567	13.464690	1.173333	148
9559.045359	16.071421	13.414550	1.198059	149
9560.054305	15.582226	13.427217	1.160496	150
9561.059468	15.717786	13.455108	1.168165	151
9562.072401	15.371249	13.464812	1.141587	152
9563.074843	16.524435	13.451114	1.228481	153
9564.090915	15.509977	13.459839	1.152315	154
9565.094064	16.850769	13.468221	1.251150	155
9566.121491	17.905510	13.467741	1.329511	156
9567.112747	17.547152	13.477305	1.301978	157
9568.127138	16.840124	13.442149	1.252785	158
9569.144345	19.504133	13.466240	1.448373	159
9570.145897	17.321280	13.474806	1.285457	160
9571.150753	18.358965	13.456377	1.364332	161
9572.164139	17.767511	13.465676	1.319467	162
9573.168346	19.061226	13.473020	1.414770	163
9574.181313	18.346891	13.449439	1.364138	164
9575.186929	19.415424	13.426065	1.446099	165
9576.201116	18.523617	13.460991	1.376096	166
9577.204715	19.605215	13.455637	1.457026	167
9578.219549	18.545881	13.412785	1.382702	168
9579.221862	19.489960	13.456309	1.448388	169
9580.236685	18.307487	13.447165	1.361439	170
9581.241926	18.512140	13.425887	1.378839	171
9582.253421	17.656153	13.454418	1.312294	172
9583.258492	17.790705	13.454446	1.322292	173
9584.283285	17.429211	13.443849	1.296445	174
9585.276800	16.822380	13.465310	1.249313	175
9586.286390	15.928226	13.486541	1.181046	176
9587.296976	15.813579	13.461843	1.174696	177
9588.304042	15.583420	13.463067	1.157494	178
9589.315667	15.464214	13.457548	1.149111	179
9590.319325	16.407755	13.462120	1.218809	180
9591.333285	16.467936	13.465934	1.222933	181
9592.339232	16.242416	13.463317	1.206420	182
9593.350976	17.444172	13.464334	1.295584	183
9594.354448	17.586716	13.397406	1.312696	184
9595.368284	18.257971	13.460979	1.356363	185
9596.372377	17.924671	13.464679	1.331237	186
9597.398619	19.732201	13.436172	1.468588	187
9598.390777	17.836416	13.424848	1.328612	188
9599.401238	18.513033	13.477322	1.373643	189
9600.409220	17.254101	13.468560	1.281065	190
9601.421019	17.541895	13.461076	1.303157	191
9602.426565	16.417877	13.463216	1.219462	192
9603.438488	16.851458	13.462375	1.251745	193
9604.445169	15.924630	13.455710	1.183485	194
9605.454693	16.466143	13.469181	1.222505	195
9606.463909	15.207151	13.467329	1.129189	196
9607.474021	16.168669	13.443320	1.202729	197
9608.482949	14.971910	13.448893	1.113245	198
9609.491743	16.011829	13.469375	1.188758	199
