crossing time (s)	slope (V/s)	crossing number
9302.416114	4.596447	8343
9303.422717	4.341214	8344
9304.426731	3.944159	8345
9305.446843	2.932841	8346
9306.454671	3.587775	8347
9307.469188	5.175938	8348
9308.473510	6.269409	8349
9309.481727	6.755608	8350
9310.487131	6.753704	8351
9311.494618	6.712227	8352
9312.504941	5.919158	8353
9313.516418	5.759259	8354
9314.527832	5.555616	8355
9315.537557	5.523472	8356
9316.547899	5.536526	8357
9317.561171	5.490561	8358
9318.568888	5.956313	8359
9319.581788	6.063915	8360
9320.588717	6.020088	8361
9321.600574	5.768118	8362
9322.605083	5.109888	8363
9323.617634	3.822555	8364
9324.622407	2.949174	8365
9325.636793	1.498352	8366
9326.649929	1.574458	8367
9327.653555	2.595377	8368
9328.668814	2.867064	8369
9329.660809	4.918971	8370
9330.683893	4.363825	8371
9331.688938	5.025359	8372
9332.713080	4.581109	8373
9333.722150	4.404667	8374
9334.737120	4.444499	8375
9335.745225	4.270096	8376
9336.748845	3.770068	8377
9337.758890	4.249998	8378
9338.760190	4.527401	8379
9339.771803	4.731414	8380
9340.777041	4.862268	8381
9341.787451	4.821629	8382
9342.797610	4.647608	8383
9343.806231	4.594584	8384
9344.818752	4.582518	8385
9345.822514	4.779574	8386
9346.837748	4.479949	8387
9347.841837	4.825701	8388
9348.857525	5.174337	8389
9349.861297	5.576301	8390
9350.875928	5.753567	8391
9351.879853	6.082140	8392
9352.893712	6.170393	8393
9353.897724	6.343584	8394
9354.912015	6.286760	8395
9355.915816	6.859602	8396
9356.930558	6.579292	8397
9357.935538	7.162225	8398
9358.946401	6.607436	8399
9359.954231	6.583625	8400
9360.963197	5.790849	8401
9361.975944	5.070308	8402
9362.983374	4.833199	8403
9363.999568	4.499910	8404
9365.001445	4.980414	8405
9366.015108	4.594604	8406
9367.017943	4.850569	8407
9368.029150	4.771106	8408
9369.038803	4.527991	8409
9370.047528	4.113111	8410
9371.066792	3.868040	8411
9372.071209	4.142513	8412
9373.091034	4.937663	8413
9374.093843	5.193041	8414
9375.107592	5.729421	8415
9376.111847	5.874203	8416
9377.122797	5.994814	8417
9378.130129	5.869297	8418
9379.138368	5.690724	8419
9380.150582	5.469907	8420
9381.157340	5.619332	8421
9382.169803	5.573485	8422
9383.175303	6.037406	8423
9384.188543	6.228320	8424
9385.194361	6.281900	8425
9386.206050	6.492457	8426
9387.211621	6.559668	8427
9388.225224	6.758011	8428
9389.230729	6.760360	8429
9390.245828	7.004774	8430
9391.252635	6.870821	8431
9392.266752	6.956958	8432
9393.271913	6.479041	8433
9394.288157	6.364728	8434
9395.292317	5.320677	8435
9396.306325	4.787442	8436
9397.307534	3.524787	8437
9398.317384	2.872122	8438
9399.324476	3.153201	8439
9400.327642	3.008313	8440
9401.339042	4.208371	8441
9402.339019	5.821482	8442
9403.356047	5.980579	8443
9404.361856	7.133367	8444
9405.379701	6.813464	8445
9406.387895	6.703419	8446
9407.407404	6.417490	8447
9408.416115	6.008700	8448
9409.430952	5.693574	8449
9410.437988	5.173575	8450
9411.442903	4.357444	8451
9412.452300	4.731891	8452
9413.453608	4.872779	8453
9414.466440	5.457488	8454
9415.468105	6.091850	8455
9416.481427	6.309737	8456
9417.487416	6.405289	8457
9418.501343	6.140409	8458
9419.509717	6.016701	8459
9420.521791	6.212855	8460
9421.530829	6.518759	8461
9422.541836	6.360271	8462
9423.550770	6.614487	8463
9424.559644	6.415224	8464
9425.568957	6.641236	8465
9426.577825	6.370098	8466
9427.586677	6.286412	8467
9428.596807	6.273695	8468
9429.605530	6.404138	8469
9430.616806	6.756027	8470
9431.622940	6.791271	8471
9432.635397	6.965079	8472
9433.640123	6.949491	8473
9434.653168	7.173546	8474
9435.659496	7.331737	8475
9436.671623	7.822859	8476
9437.677033	7.796173	8477
9438.688320	8.504311	8478
9439.694013	8.606555	8479
9440.701458	8.544112	8480
9441.709083	8.258116	8481
9442.715694	7.889208	8482
9443.727948	7.208371	8483
9444.732866	7.068477	8484
9445.748261	6.555553	8485
9446.750833	6.850089	8486
9447.766556	6.629289	8487
9448.767476	7.226579	8488
9449.781590	6.789441	8489
9450.783486	7.505761	8490
9451.796990	7.026486	8491
9452.802947	7.184939	8492
9453.814915	6.853861	8493
9454.822958	6.646351	8494
9455.834771	6.348887	8495
9456.846650	6.052721	8496
9457.854719	6.156024	8497
9458.866646	6.088392	8498
9459.874220	6.232259	8499
9460.886379	6.076141	8500
9461.893565	6.251324	8501
9462.905941	6.055732	8502
9463.912095	6.294904	8503
9464.925317	6.351306	8504
9465.932490	6.282315	8505
9466.943568	6.268309	8506
9467.950279	6.442586	8507
9468.962020	6.287893	8508
9469.970731	6.403427	8509
9470.979237	5.997187	8510
9471.990496	6.318282	8511
9472.995737	6.011583	8512
9474.008097	6.211492	8513
9475.011620	6.173714	8514
9476.024361	6.556602	8515
9477.027744	6.638780	8516
9478.043787	6.826244	8517
9479.046938	6.894165	8518
9480.062139	6.995685	8519
9481.065956	7.067317	8520
9482.082387	6.847514	8521
9483.089650	6.791772	8522
9484.099892	6.555414	8523
9485.108882	6.629675	8524
9486.115845	6.558710	8525
9487.126182	6.650553	8526
9488.131546	6.694669	8527
9489.144101	6.662632	8528
9490.148131	6.886163	8529
9491.161701	6.793787	8530
9492.165449	6.928530	8531
9493.180217	6.914750	8532
9494.186254	7.147214	8533
9495.199762	7.031903	8534
9496.205725	7.311131	8535
9497.217998	7.379808	8536
9498.225070	7.434797	8537
9499.237933	7.663901	8538
9500.243312	7.434319	8539
9501.257340	7.732408	8540
9502.262777	7.422530	8541
9503.277781	8.074348	8542
9504.281212	8.007236	8543
9505.296153	8.556887	8544
9506.299049	8.011847	8545
9507.312896	8.816649	8546
9508.316665	8.622008	8547
9509.329516	9.235798	8548
9510.333025	9.248599	8549
9511.345120	9.515945	8550
9512.349487	9.551435	8551
9513.359460	9.646495	8552
9514.366145	9.673000	8553
9515.375742	9.172066	8554
9516.385732	9.181385	8555
9517.390487	9.102353	8556
9518.403110	8.895460	8557
9519.408458	9.195759	8558
9520.422718	9.054450	8559
9521.426097	9.349405	8560
9522.439696	9.440950	8561
9523.443423	9.469412	8562
9524.457043	9.392023	8563
9525.460663	9.444337	8564
9526.474341	9.144335	8565
9527.479014	9.331146	8566
9528.491382	8.850191	8567
9529.497296	9.039668	8568
9530.507055	8.473909	8569
9531.517006	8.708335	8570
9532.525846	8.274650	8571
9533.535961	8.465760	8572
9534.544362	8.182326	8573
9535.555029	8.547468	8574
9536.563018	8.312654	8575
9537.573847	8.401093	8576
9538.581284	8.402697	8577
9539.591990	8.459043	8578
9540.600976	8.415314	8579
9541.611309	8.544339	8580
9542.620481	8.321829	8581
9543.629414	8.664249	8582
9544.639629	8.418632	8583
9545.647615	8.541026	8584
9546.658642	8.382501	8585
9547.664617	8.457276	8586
9548.678384	8.245827	8587
9549.684155	8.139433	8588
9550.696601	8.144128	8589
9551.701559	7.620468	8590
9552.715282	7.632047	8591
9553.720372	7.169064	8592
9554.734167	7.201216	8593
9555.739223	6.621412	8594
9556.749385	6.403588	8595
9557.756705	6.379451	8596
9558.763971	6.192496	8597
9559.772562	6.305965	8598
9560.778459	6.611838	8599
9561.790125	6.819027	8600
9562.793651	7.319804	8601
9563.807312	7.386051	8602
9564.812317	8.049492	8603
9565.826603	8.207725	8604
9566.830328	8.645756	8605
9567.845114	8.675897	8606
9568.850551	9.156440	8607
9569.863885	9.265011	8608
9570.870496	9.432447	8609
9571.882927	9.525244	8610
9572.889907	9.745529	8611
9573.901727	9.785603	8612
9574.909231	9.818076	8613
9575.921235	10.073813	8614
9576.927932	9.908144	8615
9577.939567	10.429283	8616
9578.946275	9.994366	8617
9579.957265	10.366483	8618
9580.963493	10.170582	8619
9581.974103	10.453169	8620
9582.980894	10.285273	8621
9583.989795	10.387032	8622
9584.996997	10.177382	8623
9586.005538	10.141932	8624
9587.014544	9.983922	8625
9588.021992	9.860365	8626
9589.032543	9.697605	8627
9590.037511	9.666816	8628
9591.051577	9.851251	8629
9592.056055	9.746859	8630
9593.069014	9.606761	8631
9594.073858	9.910749	8632
9595.086297	10.179353	8633
9596.091733	9.932677	8634
9597.105051	10.148357	8635
9598.109508	10.324272	8636
9599.123516	10.137963	8637
9600.127935	10.311409	8638
9601.141532	9.848005	8639
9602.146026	9.900282	8640
9603.156587	9.623310	8641
9604.163138	9.904211	8642
9605.175011	9.542643	8643
9606.181180	9.794770	8644
9607.192899	9.422133	8645
9608.198919	9.636948	8646
9609.211090	9.255866	8647
