time (s)	energy (uJ)	charge (mC)	voltage (mV)	crossing#mod 255
10394.861299	13.242341	16.292065	0.812809	205
10395.869861	13.305006	16.245520	0.818995	206
10396.880197	14.324183	16.288815	0.879388	207
10397.890586	12.958384	16.282240	0.795860	208
10398.898139	15.181471	16.308609	0.930887	209
10399.910139	14.233757	16.284044	0.874092	210
10400.917918	14.963146	16.295036	0.918264	211
10401.930798	14.761063	16.285217	0.906409	212
10402.934319	15.910714	16.288019	0.976835	213
10403.950384	15.301555	16.292080	0.939202	214
10404.951953	16.021484	16.274445	0.984457	215
10405.967135	16.325819	16.303534	1.001367	216
10406.969244	17.362978	16.278397	1.066627	217
10407.989575	16.920465	16.293564	1.038476	218
10408.993056	18.156843	16.272779	1.115780	219
10410.013060	18.042475	16.279648	1.108284	220
10411.018633	17.547043	16.282246	1.077680	221
10412.035594	16.905167	16.239086	1.041017	222
10413.042135	16.606840	16.281479	1.019984	223
10414.055613	15.480270	16.280910	0.950823	224
10415.065134	15.262103	16.238131	0.939893	225
10416.076400	14.144203	16.284798	0.868553	226
10417.084031	12.874269	16.264910	0.791536	227
10418.091245	12.731071	16.282267	0.781898	228
10419.100874	12.052570	16.263529	0.741080	229
10420.105781	11.975063	16.276850	0.735711	230
10421.116759	12.321183	16.271172	0.757240	231
10422.120605	12.845014	16.270931	0.789446	232
10423.134173	13.128693	16.291296	0.805872	233
10424.136781	14.576389	16.273590	0.895708	234
10425.152246	14.418036	16.283319	0.885448	235
10426.155086	15.559683	16.286127	0.955395	236
10427.171283	14.879828	16.275862	0.914227	237
10428.175167	16.859566	16.272690	1.036065	238
10429.187737	16.598528	16.279367	1.019605	239
10430.192621	18.108101	16.290583	1.111569	240
10431.205157	17.898109	16.252232	1.101271	241
10432.208845	19.521315	16.221447	1.203426	242
10433.222578	19.076647	16.242451	1.174493	243
10434.227886	19.771429	16.262178	1.215792	244
10435.243213	19.495443	16.226839	1.201432	245
10436.245608	19.858110	16.268448	1.220652	246
10437.258612	19.926411	16.271921	1.224589	247
10438.265317	18.360922	16.246124	1.130172	248
10439.275672	18.261370	16.274988	1.122051	249
10440.284829	17.059717	16.269140	1.048594	250
10441.293912	16.297503	16.286118	1.000699	251
10442.304436	14.824389	16.219534	0.913984	252
10443.315591	14.306280	16.257711	0.879969	253
10444.325510	14.085670	16.261366	0.866205	254
10445.335012	13.540926	16.260029	0.832774	255
10446.347574	13.543087	16.246241	0.833614	0
10447.353203	13.753461	16.279562	0.844830	1
10448.367753	13.355405	16.256964	0.821519	2
10449.371449	14.948567	16.266771	0.918963	3
10450.388090	13.978140	16.269373	0.859169	4
10451.391634	16.154333	16.209351	0.996606	5
10452.420059	17.445608	16.290724	1.070892	6
10453.405054	17.941177	16.269283	1.102764	7
10454.420439	17.575079	16.248775	1.081625	8
10455.421616	18.373106	16.268110	1.129394	9
10456.434376	17.294523	16.264057	1.063358	10
10457.440249	17.668568	16.215549	1.089607	11
10458.453023	16.515085	16.289227	1.013866	12
10459.458321	17.055281	16.265919	1.048529	13
10460.472482	15.669621	16.274637	0.962825	14
10461.477823	15.542364	16.273096	0.955096	15
10462.490714	14.947311	16.265615	0.918952	16
10463.499554	14.376242	16.213821	0.886666	17
10464.510653	13.746485	16.231035	0.846926	18
10465.518478	14.600447	16.259939	0.897940	19
10466.529793	13.441154	16.250191	0.827138	20
10467.537079	14.599062	16.272900	0.897140	21
10468.549932	13.995986	16.282986	0.859547	22
10469.554831	14.858391	16.283823	0.912463	23
10470.566224	14.260750	16.264822	0.876785	24
10471.575307	13.950580	16.265026	0.857704	25
10472.588072	14.604700	16.258249	0.898295	26
10473.591473	14.765848	16.274115	0.907321	27
10474.604234	14.791764	16.226902	0.911558	28
10475.608124	15.193842	16.284313	0.933036	29
10476.625786	15.155368	16.254063	0.932405	30
10477.625469	15.320258	16.253260	0.942596	31
10478.646073	17.007006	16.216373	1.048755	32
10479.645594	16.444324	16.259804	1.011348	33
10480.677307	17.699314	16.287098	1.086708	34
10481.666445	16.752317	16.274773	1.029343	35
10482.683518	16.936272	16.211008	1.044739	36
10483.686284	16.432924	16.288033	1.008896	37
10484.702756	16.507082	16.249596	1.015846	38
10485.708800	15.734906	16.264048	0.967466	39
10486.723276	14.790333	16.278015	0.908608	40
10487.727808	14.721431	16.265722	0.905059	41
10488.739178	13.671786	16.274813	0.840058	42
10489.748537	12.796541	16.267673	0.786624	43
10490.755628	12.715613	16.259668	0.782034	44
10491.765456	12.674766	16.257353	0.779633	45
10492.770621	13.455192	16.264603	0.827268	46
10493.780945	13.879705	16.281536	0.852481	47
10494.787010	14.206846	16.262983	0.873570	48
10495.802221	13.186933	16.282305	0.809893	49
10496.804001	15.833402	16.253422	0.974158	50
10497.816512	15.651610	16.259174	0.962633	51
10498.822716	16.567801	16.218718	1.021523	52
10499.836323	16.260782	16.255926	1.000299	53
10500.842095	17.426771	16.256413	1.071994	54
10501.852745	17.612988	16.262608	1.083036	55
10502.858802	18.451996	16.282835	1.133218	56
10503.873650	17.890902	16.251942	1.100847	57
10504.877043	18.174379	16.256590	1.117970	58
10505.889114	18.601645	16.206224	1.147809	59
10506.895414	17.896093	16.267626	1.100105	60
10507.907064	18.421028	16.280205	1.131499	61
10508.911604	17.560968	16.254276	1.080391	62
10509.924878	17.005148	16.222504	1.048244	63
10510.932260	16.212057	16.215496	0.999788	64
10511.943202	15.858161	16.270914	0.974632	65
10512.952572	15.151233	16.264727	0.931539	66
10513.963229	13.581370	16.272911	0.834600	67
10514.970677	14.615637	16.223305	0.900904	68
10515.979686	13.815433	16.277267	0.848756	69
10516.992235	12.819654	16.257889	0.788519	70
10518.001255	13.155849	16.265181	0.808835	71
10519.012670	12.410045	16.249035	0.763741	72
10520.017626	14.101984	16.195356	0.870742	73
10521.032332	13.449132	16.264843	0.826884	74
10522.036794	14.667928	16.249502	0.902669	75
10523.050043	15.315315	16.242788	0.942899	76
10524.053095	15.953234	16.252304	0.981598	77
10525.067746	16.503298	16.242804	1.016038	78
10526.069353	17.198547	16.286501	1.056000	79
10527.083249	17.767254	16.255314	1.093012	80
10528.086031	17.334785	16.206041	1.069650	81
10529.100607	17.251820	16.271626	1.060240	82
10530.104416	17.068941	16.257408	1.049918	83
10531.116654	16.743443	16.252340	1.030217	84
10532.122430	15.940719	16.247787	0.981101	85
10533.136878	15.560352	16.257893	0.957095	86
10534.143146	15.240884	16.210979	0.940158	87
10535.153612	15.035067	16.266064	0.924321	88
10536.159831	14.640559	16.211090	0.903120	89
10537.173028	14.488332	16.259354	0.891077	90
10538.179617	14.368492	16.257414	0.883812	91
10539.192435	14.195651	16.252571	0.873440	92
10540.196536	13.865270	16.241913	0.853672	93
10541.208848	13.988254	16.260414	0.860264	94
10542.215076	13.332522	16.251099	0.820407	95
10543.229923	13.383957	16.258825	0.823181	96
10544.232996	12.977163	16.265295	0.797844	97
10545.246849	13.470424	16.259068	0.828487	98
10546.249429	13.046062	16.275944	0.801555	99
10547.264556	13.886334	16.265230	0.853744	100
10548.268861	13.332014	16.244843	0.820692	101
10549.283344	14.389742	16.278137	0.883992	102
10550.284510	13.723546	16.255192	0.844256	103
10551.302091	14.973726	16.260920	0.920841	104
10552.304779	14.632549	16.258694	0.899983	105
10553.320389	15.334174	16.282383	0.941765	106
10554.323445	14.755267	16.281103	0.906282	107
10555.340966	14.879867	16.202404	0.918374	108
10556.343468	14.032009	16.230003	0.864572	109
10557.358533	14.112409	16.263115	0.867756	110
10558.362980	13.616561	16.253094	0.837783	111
10559.376262	13.591852	16.278553	0.834955	112
10560.382779	13.044927	16.255955	0.802471	113
10561.393300	12.412078	16.207642	0.765817	114
10562.402824	12.531733	16.236567	0.771822	115
10563.409640	12.414394	16.232903	0.764767	116
10564.432231	13.914804	16.263313	0.855595	117
10565.426137	12.371568	16.250525	0.761303	118
10566.437908	12.349240	16.262850	0.759353	119
10567.442851	13.281439	16.255775	0.817029	120
10568.456781	12.601908	16.259373	0.775055	121
10569.459934	14.339831	16.275766	0.881054	122
10570.473312	13.434415	16.255247	0.826466	123
10571.479033	14.578394	16.265848	0.896258	124
10572.489878	14.470013	16.266077	0.889582	125
10573.495721	15.236411	16.245939	0.937860	126
10574.508651	15.111997	16.218603	0.931769	127
10575.527263	16.968229	16.259773	1.043571	128
10576.527429	15.774392	16.250021	0.970731	129
10577.533300	15.549082	16.258602	0.956360	130
10578.557272	16.789825	16.253424	1.033002	131
10579.548561	16.149590	16.265491	0.992874	132
10580.561722	15.903749	16.241009	0.979234	133
10581.567730	15.421860	16.212181	0.951251	134
10582.580211	15.777467	16.261898	0.970211	135
10583.587635	14.235344	16.273920	0.874734	136
10584.598992	13.805655	16.253246	0.849409	137
10585.606417	13.462790	16.274887	0.827213	138
10586.613793	13.861497	16.256536	0.852672	139
10587.623120	13.325652	16.277542	0.818653	140
10588.634612	12.343712	16.253521	0.759449	141
10589.645423	12.153636	16.254492	0.747709	142
10590.652554	11.260891	16.255047	0.692763	143
10591.665347	11.037898	16.259533	0.678857	144
10592.669351	11.713279	16.270521	0.719908	145
10593.683523	11.629078	16.263271	0.715052	146
10594.686050	12.544052	16.241890	0.772327	147
10595.703101	11.602335	16.233646	0.714709	148
10596.704664	13.166120	16.250084	0.810219	149
10597.719304	13.086006	16.277079	0.803953	150
10598.720691	14.688043	16.246994	0.904047	151
10599.737217	14.450177	16.270689	0.888111	152
10600.738163	15.608027	16.271467	0.959227	153
10601.754532	14.899310	16.245228	0.917150	154
10602.756637	15.665867	16.253132	0.963868	155
10603.769870	15.812475	16.253866	0.972844	156
10604.775202	15.594763	16.243849	0.960041	157
10605.787470	15.791993	16.267544	0.970767	158
10606.791498	15.758855	16.271545	0.968492	159
10607.806888	15.614577	16.252565	0.960745	160
10608.809842	14.763495	16.245481	0.908776	161
10609.823561	15.407127	16.270658	0.946927	162
10610.828892	14.189263	16.247864	0.873300	163
10611.856689	15.109927	16.263771	0.929054	164
10612.845164	14.496911	16.251823	0.892018	165
10613.859001	14.637521	16.256329	0.900420	166
10614.863861	13.648437	16.273968	0.838667	167
10615.878928	14.386691	16.254066	0.885113	168
10616.882446	13.928326	16.247992	0.857234	169
10617.898219	14.430017	16.216619	0.889829	170
10618.898837	14.070310	16.240294	0.866383	171
10619.914140	14.937789	16.257460	0.918827	172
10620.914939	13.796795	16.269842	0.847998	173
10621.932145	14.842200	16.251537	0.913280	174
10622.935576	13.768022	16.263662	0.846551	175
10623.951070	15.118658	16.260790	0.929762	176
10624.953553	13.796814	16.256058	0.848718	177
10625.967967	14.814384	16.261974	0.910983	178
10626.985267	13.275464	16.251501	0.816876	179
10627.984285	14.075286	16.244005	0.866491	180
10628.991779	12.560613	16.253735	0.772783	181
10630.006978	13.025887	16.204329	0.803852	182
10631.010871	12.444985	16.250168	0.765837	183
10632.021833	12.468982	16.267467	0.766498	184
10633.029974	12.320057	16.245657	0.758360	185
10634.040145	11.991674	16.254927	0.737726	186
10635.049594	12.063632	16.201149	0.744616	187
10636.057412	11.638533	16.247149	0.716343	188
10637.068441	11.545902	16.275301	0.709413	189
10638.074063	11.998893	16.267422	0.737603	190
10639.086637	11.538605	16.243168	0.710367	191
10640.092159	12.528073	16.276525	0.769702	192
10641.104731	12.127268	16.257706	0.745940	193
10642.110683	13.204931	16.260199	0.812102	194
10643.120604	12.890240	16.273489	0.792101	195
10644.125484	14.150888	16.257034	0.870447	196
10645.139886	12.920715	16.254486	0.794902	197
10646.145726	14.509585	16.262228	0.892226	198
10647.156051	13.546206	16.248053	0.833713	199
10648.162537	14.650967	16.239836	0.902162	200
10649.173102	14.385287	16.269480	0.884189	201
10650.179690	15.040348	16.270611	0.924387	202
10651.192381	14.583271	16.236469	0.898180	203
10652.198985	14.275792	16.259365	0.878004	204
10653.208813	14.293151	16.245344	0.879831	205
10654.216082	13.979287	16.245687	0.860492	206
10655.227991	13.579349	16.261286	0.835072	207
10656.249196	14.071401	16.260538	0.865371	208
10657.244654	12.889030	16.241356	0.793593	209
10658.253080	12.206303	16.217066	0.752683	210
10659.263273	12.015221	16.237906	0.739949	211
10660.273784	11.108016	16.242205	0.683898	212
10661.280219	11.630585	16.255522	0.715485	213
10662.293097	10.670977	16.209286	0.658325	214
10663.297221	11.622801	16.261530	0.714742	215
10664.311113	10.859012	16.249260	0.668277	216
10665.315479	11.030884	16.233898	0.679497	217
10666.341879	13.007270	16.257725	0.800067	218
10667.332148	11.585397	16.245562	0.713142	219
10668.361026	13.366447	16.261719	0.821958	220
10669.348360	12.800353	16.270977	0.786699	221
10670.365598	12.226808	16.242907	0.752748	222
10671.367499	12.962462	16.213531	0.799484	223
10672.382924	13.148328	16.254797	0.808889	224
10673.383613	14.005000	16.244781	0.862123	225
10674.402803	13.067004	16.215546	0.805832	226
10675.403944	13.477229	16.268412	0.828429	227
10676.418116	14.341078	16.233818	0.883408	228
10677.418987	14.391349	16.250576	0.885590	229
10678.434605	14.613639	16.243578	0.899656	230
10679.438892	13.921584	16.217155	0.858448	231
10680.454051	14.303417	16.267136	0.879283	232
10681.454532	14.436513	16.232048	0.889383	233
10682.470450	14.701048	16.246941	0.904850	234
10683.473226	14.146881	16.206636	0.872907	235
10684.488087	14.848673	16.241079	0.914266	236
10685.489542	14.157467	16.212393	0.873250	237
10686.507613	14.502367	16.218567	0.894183	238
10687.508097	14.121557	16.248466	0.869101	239
10688.523666	15.045358	16.207066	0.928321	240
10689.524929	13.782850	16.250820	0.848133	241
10690.541436	15.041252	16.249596	0.925639	242
10691.542145	13.529175	16.261461	0.831978	243
10692.558372	14.435505	16.266996	0.887411	244
10693.560239	12.785433	16.204842	0.788988	245
10694.576511	14.379678	16.241285	0.885378	246
10695.579301	12.702952	16.252506	0.781600	247
10696.595613	13.273355	16.224998	0.818081	248
10697.597818	12.000670	16.254038	0.738319	249
10698.625506	13.313195	16.244957	0.819528	250
10699.616756	12.299501	16.234867	0.757598	251
10700.629052	12.218627	16.236013	0.752563	252
10701.632995	12.276991	16.255381	0.755257	253
