crossing time (s)	slope (V/s)	crossing number
1166.185666	7.028073	529
1167.189054	6.897619	530
1168.202009	6.926415	531
1169.205455	6.916315	532
1170.219422	7.019161	533
1171.224381	7.010610	534
1172.237994	6.865870	535
1173.241061	6.845493	536
1174.255524	6.619379	537
1175.259674	6.555587	538
1176.274070	6.292473	539
1177.277842	6.295321	540
1178.292032	5.976188	541
1179.296136	6.354207	542
1180.311654	6.084140	543
1181.313990	6.415336	544
1182.328989	6.129379	545
1183.333329	6.384498	546
1184.347434	6.207135	547
1185.351053	6.650214	548
1186.361685	6.787177	549
1187.370431	6.938764	550
1188.379812	7.384744	551
1189.388255	7.574955	552
1190.398401	7.982448	553
1191.407927	8.195797	554
1192.416274	8.927164	555
1193.429913	8.637812	556
1194.437256	9.262677	557
1195.449436	9.271544	558
1196.456180	9.359316	559
1197.471397	9.258834	560
1198.475744	9.025788	561
1199.491154	8.769553	562
1200.494149	8.336822	563
1201.510900	8.092833	564
1202.511168	7.502343	565
1203.527580	7.232108	566
1204.526327	7.243238	567
1205.540706	6.951144	568
1206.542803	7.453317	569
1207.557252	7.265355	570
1208.561165	7.819843	571
1209.574630	7.772355	572
1210.580181	8.098990	573
1211.592984	8.072747	574
1212.597111	8.255074	575
1213.612419	8.196191	576
1214.616823	8.206895	577
1215.630493	8.159260	578
1216.634410	8.428533	579
1217.649143	8.355298	580
1218.654139	8.497760	581
1219.668320	8.337196	582
1220.673000	8.640059	583
1221.688791	8.483722	584
1222.693237	8.641800	585
1223.708462	8.716396	586
1224.710830	9.082029	587
1225.726504	9.283487	588
1226.730327	9.580221	589
1227.743384	9.887061	590
1228.750326	10.601292	591
1229.760613	10.874612	592
1230.769241	11.473471	593
1231.776886	11.595587	594
1232.789516	11.988550	595
1233.796564	12.188627	596
1234.808878	11.994692	597
1235.816192	12.189424	598
1236.827743	12.049134	599
1237.836471	11.626640	600
1238.848429	11.441293	601
1239.854939	11.116094	602
1240.868383	10.924553	603
1241.872575	10.158230	604
1242.885269	9.929825	605
1243.887627	9.613176	606
1244.900394	9.400327	607
1245.904243	9.589820	608
1246.917232	9.410272	609
1247.920372	9.764188	610
1248.933335	9.851551	611
1249.937927	9.953422	612
1250.950669	9.862385	613
1251.955899	9.853836	614
1252.968326	9.988626	615
1253.973890	10.173350	616
1254.986689	10.131916	617
1255.992046	10.383085	618
1257.004383	10.411900	619
1258.009591	10.590458	620
1259.021999	10.500691	621
1260.028838	10.595008	622
1261.041980	10.925935	623
1262.046172	11.016017	624
1263.058685	11.350910	625
1264.066390	11.634655	626
1265.075896	11.900936	627
1266.083064	12.285931	628
1267.093715	12.653337	629
1268.102990	13.038424	630
1269.110714	13.222803	631
1270.122323	13.668813	632
1271.129829	13.791714	633
1272.143276	13.958277	634
1273.148117	13.955457	635
1274.162807	14.059928	636
1275.169194	13.875822	637
1276.185372	13.942506	638
1277.189127	13.399702	639
1278.203348	13.308376	640
1279.208771	12.582497	641
1280.221245	12.513647	642
1281.225115	11.909290	643
1282.236856	11.688982	644
1283.240391	11.655116	645
1284.251803	11.423704	646
1285.256057	11.573300	647
1286.266742	11.770198	648
1287.272580	11.986284	649
1288.284885	11.885855	650
1289.289477	12.126763	651
1290.302021	12.008769	652
1291.306654	12.070313	653
1292.320748	12.069089	654
1293.324677	12.204530	655
1294.338535	12.175756	656
1295.342243	12.363987	657
1296.357937	12.401276	658
1297.360692	12.582190	659
1298.375769	12.459885	660
1299.381300	12.804490	661
1300.393702	12.891345	662
1301.401124	13.276337	663
1302.413335	13.628838	664
1303.421467	13.995021	665
1304.429542	14.257752	666
1305.439672	14.696318	667
1306.447103	14.927937	668
1307.456976	14.883035	669
1308.461757	14.802437	670
1309.473293	14.712600	671
1310.480771	14.943606	672
1311.492452	14.904139	673
1312.497333	15.253624	674
1313.509082	15.352021	675
1314.514428	15.399707	676
1315.525916	15.243981	677
1316.531329	15.016503	678
1317.543918	15.043420	679
1318.548129	14.863643	680
1319.562509	14.807596	681
1320.564136	14.895235	682
1321.577077	14.895179	683
1322.580305	14.613585	684
1323.594689	14.527037	685
1324.599207	14.208948	686
1325.611839	14.396155	687
1326.616901	14.264172	688
1327.629716	14.358265	689
1328.634382	14.129639	690
1329.646060	14.367885	691
1330.650766	14.194798	692
1331.663101	14.232543	693
1332.666186	14.075589	694
1333.678498	14.057134	695
1334.683801	13.911647	696
1335.694904	13.794293	697
1336.701200	13.721792	698
1337.712870	13.911279	699
1338.716987	14.007114	700
1339.729536	13.784103	701
1340.736251	13.816788	702
1341.745312	13.868925	703
1342.752150	14.050139	704
1343.760735	13.615047	705
1344.770057	13.824153	706
1345.777044	13.539174	707
1346.786382	13.930077	708
1347.794732	13.823111	709
1348.804107	14.007337	710
1349.809767	13.947840	711
1350.821199	14.124034	712
1351.827220	14.033839	713
1352.838345	13.839357	714
1353.843285	13.849054	715
1354.856067	13.876536	716
1355.861361	13.777761	717
1356.873895	13.792259	718
1357.878788	13.795099	719
1358.891326	13.963248	720
1359.894633	13.821263	721
1360.907835	13.820297	722
1361.910855	13.856966	723
1362.924470	13.852178	724
1363.929137	13.893502	725
1364.941385	13.802318	726
1365.943848	13.871707	727
1366.958516	13.695798	728
1367.961773	13.685583	729
1368.973430	13.571421	730
1369.977191	13.736640	731
1370.991274	13.339794	732
1371.994678	13.496119	733
1373.007594	13.234939	734
1374.012628	13.254400	735
1375.025278	13.229483	736
1376.030080	13.500058	737
1377.041373	13.289021	738
1378.047567	13.332964	739
1379.058911	13.249358	740
1380.066232	13.141011	741
1381.077803	12.913775	742
1382.084443	12.982666	743
1383.093790	13.018856	744
1384.101970	13.033342	745
1385.110993	13.162235	746
1386.119702	13.198193	747
1387.126912	13.212668	748
1388.135559	12.932569	749
1389.144005	13.084626	750
1390.153521	12.946314	751
1391.160406	13.085883	752
1392.169825	12.831320	753
1393.176162	12.930011	754
1394.187117	12.742727	755
1395.193346	12.847566	756
1396.204736	12.776271	757
1397.211043	12.742365	758
1398.222104	12.692462	759
1399.228722	12.755548	760
1400.239407	12.695165	761
1401.244940	12.656534	762
1402.256560	12.650150	763
1403.263069	12.665635	764
1404.272917	12.580929	765
1405.279673	12.636939	766
1406.289865	12.597967	767
1407.296745	12.623201	768
1408.306307	12.536263	769
1409.314279	12.660635	770
1410.324697	12.591036	771
1411.331506	12.548172	772
1412.341925	12.688759	773
1413.348940	12.566015	774
1414.356928	12.655000	775
1415.365245	12.584010	776
1416.374127	12.613474	777
1417.382582	12.455512	778
1418.391579	12.629696	779
1419.399326	12.704652	780
1420.408288	12.716852	781
1421.417367	12.697883	782
1422.424407	12.766085	783
1423.434806	12.629533	784
1424.441407	12.651314	785
1425.451938	12.657023	786
1426.457855	12.550591	787
1427.470145	12.547223	788
1428.475207	12.572253	789
1429.487837	12.645529	790
1430.491918	12.779953	791
1431.505848	12.569656	792
1432.508671	12.698979	793
1433.521750	12.524310	794
1434.524085	12.499323	795
1435.541375	12.540262	796
1436.544805	12.581928	797
1437.556045	12.447385	798
1438.558641	12.462335	799
1439.573015	12.505860	800
1440.576918	12.327847	801
1441.590387	12.374935	802
1442.592949	12.409640	803
1443.606481	12.206358	804
1444.609153	12.272648	805
1445.624389	12.137290	806
1446.627803	12.145718	807
1447.640284	12.016752	808
1448.643820	12.112268	809
1449.657861	12.091648	810
1450.661657	11.997725	811
1451.674962	11.974354	812
1452.679189	11.991314	813
1453.691971	11.904151	814
1454.697023	11.993780	815
1455.708048	11.868860	816
1456.715149	11.931834	817
1457.724161	12.092392	818
1458.732135	12.008595	819
1459.740842	11.952666	820
1460.748553	11.955942	821
1461.757289	11.849208	822
