time (s)	theta (A)	maj axis/z0	min axis/z0	crossing#mod 255
1166.183694	34.454727	0.716750	0.021717	17
1168.200496	34.467842	0.715357	0.022223	19
1170.218079	34.374813	0.717553	0.022466	21
1172.236433	34.361740	0.721578	0.022743	23
1174.254684	34.359993	0.728259	0.022854	25
1176.273253	34.340065	0.732924	0.023245	27
1178.291815	34.298294	0.738208	0.023611	29
1180.310563	34.262463	0.743766	0.024152	31
1182.328571	34.263256	0.749086	0.024087	33
1184.346429	34.262413	0.754795	0.024373	35
1186.363017	34.291283	0.759449	0.024364	37
1188.380511	34.318405	0.764934	0.024503	39
1190.398312	34.341530	0.769347	0.024176	41
1192.416202	34.427868	0.774463	0.024279	43
1194.434776	34.425526	0.779628	0.024566	45
1196.453392	34.502422	0.782559	0.025308	47
1198.472538	34.535725	0.787435	0.025587	49
1200.490887	34.564018	0.792485	0.025913	51
1202.508685	34.600468	0.797965	0.026303	53
1204.525965	34.524902	0.803865	0.026541	55
1206.543479	34.533245	0.808954	0.026564	57
1208.561786	34.435085	0.815063	0.026809	59
1210.580281	34.487671	0.820337	0.026837	61
1212.598613	34.457161	0.825178	0.027175	63
1214.617221	34.438702	0.832284	0.027365	65
1216.635588	34.439938	0.835866	0.027645	67
1218.654035	34.396935	0.841540	0.027881	69
1220.672738	34.405415	0.843595	0.028099	71
1222.691686	34.367657	0.849241	0.028096	73
1224.710182	34.393311	0.852824	0.028556	75
1226.729144	34.339535	0.857536	0.029004	77
1228.748358	34.338764	0.862586	0.029299	79
1230.767267	34.328060	0.866660	0.029787	81
1232.786414	34.326279	0.872740	0.030052	83
1234.805370	34.389881	0.876271	0.029993	85
1236.824481	34.427166	0.880777	0.029889	87
1238.843403	34.459881	0.885826	0.030120	89
1240.862212	34.469898	0.888607	0.030113	91
1242.880230	34.455139	0.893544	0.030304	93
1244.897556	34.406342	0.898364	0.030651	95
1246.915105	34.420933	0.904185	0.030938	97
1248.932704	34.380787	0.905822	0.031442	99
1250.950674	34.375931	0.911848	0.031703	101
1252.968439	34.402573	0.915856	0.031610	103
1254.986557	34.383583	0.919390	0.032098	105
1257.004667	34.340878	0.925817	0.032052	107
1259.022520	34.412647	0.929173	0.032272	109
1261.040411	34.433182	0.931424	0.032319	111
1263.057904	34.452370	0.936505	0.032347	113
1265.075182	34.493511	0.942415	0.032201	115
1267.092734	34.562649	0.945766	0.032766	117
1269.110305	34.585758	0.949647	0.032848	119
1271.128297	34.692802	0.953232	0.032475	121
1273.146354	34.740334	0.954031	0.032960	123
1275.164894	34.747147	0.959349	0.033298	125
1277.183443	34.828850	0.961911	0.033297	127
1279.201973	34.799870	0.965058	0.033530	129
1281.219616	34.833141	0.971280	0.033682	131
1283.236810	34.833584	0.973282	0.034012	133
1285.254148	34.781612	0.979350	0.034129	135
1287.271629	34.763489	0.982657	0.034210	137
1289.289498	34.746422	0.988577	0.034238	139
1291.307474	34.789265	0.990670	0.034687	141
1293.325505	34.754101	0.993370	0.035246	143
1295.343563	34.771973	0.997808	0.035705	145
1297.361704	34.743778	1.000937	0.036206	147
1299.380306	34.800983	1.004836	0.036197	149
1301.398858	34.751133	1.007805	0.036443	151
1303.417408	34.709972	1.010045	0.036619	153
1305.435743	34.778702	1.016391	0.036705	155
1307.453063	34.817314	1.016652	0.036993	157
1309.470580	34.811657	1.015997	0.037039	159
1311.488471	34.920723	1.015554	0.037632	161
1313.505641	34.885693	1.014172	0.038056	163
1315.522775	34.952168	1.012447	0.038170	165
1317.540184	34.920033	1.011863	0.038338	167
1319.557550	34.979595	1.010374	0.038751	169
1321.574387	34.988491	1.010435	0.038725	171
1323.591486	35.032475	1.007992	0.039528	173
1325.608616	35.016926	1.008512	0.039690	175
1327.625957	35.038231	1.005658	0.039876	177
1329.642710	35.060818	1.003453	0.039921	179
1331.659457	35.135651	1.003625	0.040396	181
1333.676246	35.091167	1.001009	0.041041	183
1335.693237	35.154694	1.000775	0.041073	185
1337.710013	35.191277	0.999153	0.040979	187
1339.726647	35.271324	0.998806	0.041441	189
1341.743020	35.293846	0.998336	0.041515	191
1343.759342	35.366936	0.995562	0.041883	193
1345.775777	35.411716	0.993289	0.041958	195
1347.792577	35.463520	0.993310	0.042230	197
1349.809233	35.494556	0.989311	0.042611	199
1351.825934	35.491547	0.989153	0.043077	201
1353.842719	35.593407	0.988639	0.043151	203
1355.860041	35.649525	0.985907	0.043530	205
1357.877165	35.645702	0.985607	0.043969	207
1359.894157	35.712379	0.986220	0.044296	209
1361.911203	35.740047	0.984112	0.044766	211
1363.928231	35.702579	0.983116	0.045195	213
1365.945031	35.771404	0.982136	0.045368	215
1367.962117	35.744610	0.980524	0.045562	217
1369.978922	35.802670	0.980638	0.045809	219
1371.996042	35.767658	0.977978	0.046013	221
1374.013188	35.805092	0.977848	0.046092	223
1376.030485	35.826019	0.976267	0.046808	225
1378.047736	35.845379	0.976224	0.046682	227
1380.065436	35.877098	0.973815	0.047206	229
1382.082907	35.843452	0.974431	0.047235	231
1384.100535	35.895573	0.970690	0.047679	233
1386.117872	35.926449	0.970007	0.047680	235
1388.135265	35.938145	0.966973	0.047906	237
1390.152905	36.012211	0.966813	0.047971	239
1392.170178	35.986904	0.966302	0.048484	241
1394.187400	36.049732	0.965385	0.048913	243
1396.204680	35.987278	0.964582	0.049278	245
1398.221938	36.114120	0.963798	0.049488	247
1400.238993	36.089951	0.962790	0.050177	249
1402.256084	36.154560	0.963274	0.050244	251
1404.272961	36.132847	0.960565	0.050993	253
1406.289656	36.171371	0.962607	0.051181	255
1408.306522	36.256596	0.960765	0.051649	1
1410.323346	36.282001	0.957683	0.051849	3
1412.340163	36.319370	0.956365	0.052588	5
1414.356612	36.310390	0.956160	0.052388	7
1416.373278	36.447411	0.955253	0.052561	9
1418.390029	36.500053	0.951529	0.052523	11
1420.406672	36.533726	0.951499	0.052726	13
1422.423345	36.677895	0.950182	0.052821	15
1424.439844	36.662422	0.948147	0.053299	17
1426.456719	36.753902	0.946242	0.053358	19
1428.474130	36.716602	0.944005	0.054967	21
1430.490811	36.853104	0.943767	0.053964	23
1432.507678	36.846863	0.942405	0.053821	25
1434.524705	36.942535	0.942063	0.054199	27
1436.542355	36.932198	0.942543	0.054592	29
1438.558951	36.943077	0.940747	0.054650	31
1440.576070	36.953625	0.940972	0.054867	33
1442.593029	37.003288	0.938508	0.054610	35
1444.610002	37.044674	0.937167	0.054775	37
1446.627310	37.016529	0.936805	0.055100	39
1448.644350	37.084457	0.935379	0.055085	41
1450.661819	37.034470	0.932275	0.055424	43
1452.679181	37.072926	0.932323	0.055742	45
1454.696503	37.098572	0.929534	0.055595	47
1456.713961	37.071892	0.929055	0.055978	49
1458.731418	37.132374	0.929448	0.056036	51
1460.748653	37.155682	0.926564	0.056601	53
