time (s)	energy (uJ)	charge (mC)	voltage (mV)	crossing#mod 255
1538.062113	36.012196	16.340488	2.203863	118
1538.062113	36.012196	16.340488	2.203863	119
1539.064336	39.503826	16.354107	2.415529	120
1540.081902	39.127350	16.279047	2.403541	121
1541.082697	41.924625	16.310326	2.570435	122
1542.101613	41.609783	16.296164	2.553349	123
1543.103337	44.214050	16.339455	2.705969	124
1544.120149	43.100174	16.334061	2.638669	125
1545.123727	43.866299	16.331873	2.685932	126
1546.135215	40.468040	16.291071	2.484063	127
1547.142009	40.408760	16.335577	2.473666	128
1548.151000	37.912460	16.278385	2.329006	129
1549.160958	37.342686	16.299255	2.291067	130
1550.168143	38.359871	16.331161	2.348876	131
1551.181150	38.208553	16.331238	2.339599	132
1552.187289	41.195866	16.274288	2.531347	133
1553.202245	41.004139	16.324711	2.511784	134
1554.207023	44.467571	16.346813	2.720259	135
1555.221719	44.495224	16.334126	2.724066	136
1556.226280	47.215374	16.339060	2.889724	137
1557.241041	46.992371	16.321630	2.879147	138
1558.259007	47.220257	16.332390	2.891203	139
1559.259567	48.661133	16.285702	2.987967	140
1560.264040	48.442268	16.323427	2.967653	141
1561.277775	48.420521	16.326023	2.965849	142
1562.295383	45.580624	16.329716	2.791269	143
1563.294692	46.805187	16.336887	2.865000	144
1564.300249	45.216553	16.313967	2.771647	145
1565.312997	45.891666	16.270403	2.820561	146
1566.318823	44.755703	16.307987	2.744404	147
1567.331946	45.768837	16.310711	2.806060	148
1568.337108	44.770187	16.321026	2.743099	149
1569.350630	45.499725	16.321709	2.787682	150
1570.355507	44.449944	16.268745	2.732229	151
1571.369369	45.695515	16.307772	2.802070	152
1572.372763	44.251251	16.317541	2.711882	153
1573.386344	46.030712	16.317616	2.820922	154
1574.391517	44.904804	16.294428	2.755838	155
1575.403383	46.552597	16.326481	2.851355	156
1576.410040	46.218399	16.319305	2.832130	157
1577.433655	46.073051	16.323208	2.822549	158
1578.429448	46.815735	16.322107	2.868241	159
1579.438270	46.630180	16.298805	2.860957	160
1580.449408	46.990337	16.319340	2.879427	161
1581.455495	47.812038	16.311113	2.931256	162
1582.470073	47.589073	16.325180	2.915072	163
1583.475021	49.419525	16.303068	3.031302	164
1584.490730	49.398403	16.301668	3.030267	165
1585.494499	52.731621	16.306353	3.233809	166
1586.511563	52.343315	16.305416	3.210180	167
1587.513873	56.217159	16.301113	3.448670	168
1588.530609	55.696545	16.270227	3.423219	169
1589.531495	56.907913	16.300396	3.491198	170
1590.547686	55.959999	16.307495	3.431551	171
1591.548356	54.626389	16.305590	3.350164	172
1592.562293	52.367420	16.331699	3.206489	173
1593.566237	51.754841	16.297590	3.175613	174
1594.577907	49.980064	16.316870	3.063092	175
1595.585857	49.967445	16.305346	3.064483	176
1596.596617	48.689819	16.311708	2.984961	177
1597.605196	49.347477	16.328489	3.022171	178
1598.615237	48.834515	16.326805	2.991064	179
1599.624385	48.986073	16.309649	3.003503	180
1600.633718	49.917953	16.303759	3.061745	181
1601.643599	49.824184	16.321112	3.052745	182
1602.652603	49.995071	16.310478	3.065212	183
1603.662114	50.056290	16.326633	3.065928	184
1604.671477	50.232975	16.314037	3.079126	185
1605.680232	49.123207	16.296129	3.014410	186
1606.689836	49.305466	16.313736	3.022328	187
1607.710795	50.325203	16.309965	3.085549	188
1608.708670	47.654770	16.312174	2.921424	189
1609.715154	48.462578	16.294388	2.974188	190
1610.740989	49.305164	16.313450	3.022363	191
1611.746773	49.757851	16.317804	3.049299	192
1612.746628	48.233517	16.319256	2.955620	193
1613.751887	49.847172	16.300062	3.058097	194
1614.766632	50.049206	16.289711	3.072443	195
1615.770423	52.314415	16.317863	3.205960	196
1616.786308	52.836548	16.323849	3.236770	197
1617.789819	54.198277	16.322475	3.320469	198
1618.804969	53.977242	16.310625	3.309330	199
1619.808748	54.456570	16.302834	3.340313	200
1620.822156	53.749249	16.310299	3.295418	201
1621.827283	53.644592	16.307907	3.289484	202
1622.852453	54.116451	16.327230	3.314491	203
1623.846262	52.188427	16.324663	3.196907	204
1624.855746	50.751373	16.307787	3.112094	205
1625.864822	50.159096	16.302141	3.076841	206
1626.873359	50.197231	16.301823	3.079240	207
1627.884017	50.173683	16.298525	3.078419	208
1628.891300	51.251492	16.307457	3.142826	209
1629.903632	51.268997	16.297287	3.145861	210
1630.909878	53.987659	16.301025	3.311918	211
1631.922717	53.876820	16.313904	3.302510	212
1632.928564	56.170322	16.319826	3.441846	213
1633.941347	56.737457	16.318081	3.476969	214
1634.947423	58.416630	16.311836	3.581242	215
1635.960280	57.951569	16.302549	3.554755	216
1636.965760	60.541767	16.302584	3.713630	217
1637.978671	59.999149	16.317869	3.676899	218
1638.982966	60.533218	16.288809	3.716246	219
1639.996480	60.195919	16.297514	3.693565	220
1641.014224	58.310638	16.309805	3.575190	221
1642.013677	59.429295	16.310221	3.643684	222
1643.018999	57.481880	16.290615	3.528527	223
1644.032399	57.283752	16.297800	3.514815	224
1645.036478	54.369289	16.297253	3.336102	225
1646.048903	55.249569	16.296934	3.390182	226
1647.054753	53.343620	16.272038	3.278239	227
1648.066463	53.855976	16.306087	3.302814	228
1649.072585	52.639202	16.300621	3.229276	229
1650.083650	53.096046	16.311937	3.255043	230
1651.090652	52.272743	16.248480	3.217085	231
1652.101369	53.186401	16.286068	3.265761	232
1653.109524	53.139790	16.312626	3.257587	233
1654.118453	53.123158	16.298120	3.259465	234
1655.129298	53.614681	16.314760	3.286268	235
1656.136026	53.550564	16.288424	3.287646	236
1657.147940	52.930550	16.310143	3.245254	237
1658.154231	53.989914	16.299339	3.312399	238
1659.167702	53.976349	16.286892	3.314098	239
1660.172903	55.625458	16.281939	3.416390	240
1661.186959	55.909546	16.319269	3.425984	241
1662.191325	58.170414	16.297701	3.569241	242
1663.206141	57.981148	16.258974	3.566101	243
1664.209876	59.590939	16.291199	3.657861	244
1665.224484	59.793770	16.299074	3.668538	245
1666.227029	60.303986	16.291473	3.701568	246
1667.240887	60.290421	16.289881	3.701097	247
1668.244254	58.749714	16.299944	3.604290	248
1669.256954	57.443600	16.307465	3.522534	249
1670.261537	56.355808	16.311729	3.454925	250
1671.273407	55.510826	16.297827	3.406026	251
1672.279902	54.061035	16.303867	3.315841	252
1673.304607	55.338848	16.307703	3.393418	253
1674.298185	52.438187	16.274126	3.222182	254
1675.308914	52.873917	16.277843	3.248214	255
1676.316666	51.988110	16.302700	3.188926	0
1677.327650	52.183403	16.289085	3.203581	1
1678.334913	51.502941	16.311962	3.157372	2
1679.345652	51.738739	16.320353	3.170197	3
1680.352844	51.320332	16.302126	3.148076	4
1681.364272	51.513374	16.297207	3.160872	5
1682.370916	50.629562	16.269548	3.111922	6
